347 552 15
347 552 14
346 551 14
345 550 14
345 550 13
345 550 12
344 550 12
343 550 12
343 550 11
342 548 11
338 543 10
332 537 10
327 530 11
325 523 12
324 515 11
322 508 12
322 500 12
323 492 13
327 487 14
333 481 14
340 476 15
347 474 0
355 475 1
357 476 1
357 476 2
358 476 2
359 476 2
360 476 2
361 476 2
362 476 2
363 477 2
364 477 2
364 477 3
366 478 3
368 477 3
370 476 3
372 477 3
374 476 3
376 475 3
378 474 3
380 473 3
382 472 3
384 471 3
386 470 3
388 469 3
390 468 3
392 467 3
394 468 3
396 467 3
398 466 3
400 465 3
402 464 3
404 463 3
406 462 3
410 467 2
411 468 2
418 473 1
419 475 1
418 477 1
420 478 1
427 480 0
435 480 0
443 480 0
451 480 0
459 480 0
467 480 0
475 480 0
483 480 0
491 480 0
499 480 0
507 480 0
515 480 0
523 480 0
531 480 0
539 480 0
547 480 0
555 480 0
563 480 0
571 480 0
579 479 15
